0	0	0.6061037105343685	5.19239471126757E-4	0.09707269076142788	0.1907029414290895	0.0017250486664103343	2.822764517990825E-4	2.879903808944834E-4	0.09847624426542055	0.004662735360530314	1.671226789325347E-4
1	1	0.14626902608683826	0.1730777076338208	0.5507175693670731	9.536507691060064E-5	1.291615533140456E-4	0.03732942870396991	0.08764676390920519	1.4412964687247928E-4	0.004507690404946811	8.315761704894493E-5
2	2	0.1671926183711006	0.03926109904928458	0.4541616027874426	0.019085467084261978	1.7670927516573643E-4	0.0550618861824504	0.09896155537616372	1.9718751265559257E-4	0.1657881042661469	1.137700953278252E-4
3	3	0.5785938064403475	0.004230060695134353	0.1362380141262103	1.2704923409837362E-4	0.004057930081207523	0.00795883324030999	1.909094020012368E-4	0.21779994055228213	1.7654478183694558E-4	0.0506269114465717
4	4	0.6087801603222244	5.215323433665893E-4	0.06806249317064161	0.22834362021515003	2.6072348951025544E-4	2.8352293608288316E-4	2.8926209690686354E-4	0.0900794422591241	0.0017394398077907674	0.0016398033592024328
5	5	0.49757348120179345	0.053699418479300064	0.23427389703778104	1.9864265399607747E-4	0.14912054237843994	0.020038173891747876	2.9848861786105964E-4	0.004856896473598947	0.03976724439180113	1.7321487368040587E-4
6	6	0.15307594437709154	0.2023278681418938	0.4499027508930365	1.6198337911273498E-4	0.0014579716858361407	0.099325208603146	0.008913483446985058	0.025016471715183987	2.2508849053372708E-4	0.059593229267180525
7	7	0.237413092243411	0.3022665630296438	0.34693011185685474	0.0035870200592040724	1.238339046112647E-4	0.09521467259413817	0.001535624113891232	0.011324068101565261	1.2705112216901732E-4	0.0014779629745115344
8	8	0.4346040456338068	0.0013298800762102808	0.07486432918692187	0.07279325794409366	0.016867206163239886	0.0011711000751741018	1.9297151558321358E-4	0.3978867750520115	1.7845173554711818E-4	1.1198261741163518E-4
9	9	0.14939467730161463	0.3337616622058735	0.31028861085925263	6.250373785384465E-5	8.465446818340577E-5	0.16258688630003068	0.013953773753322251	9.44647868687794E-5	0.0029544096070011944	0.02681835697999899
10	10	0.20858199023829302	0.017027218236000286	0.3335429333853242	0.1695215550045598	0.022165451509178702	3.506137763954067E-4	0.005818469080542223	0.00582054137043497	0.2369636453880607	2.0758201121062668E-4
11	11	0.15327011823501008	0.01531849970740273	0.6220313700892576	0.002073404021718325	3.247839875168661E-4	0.0021867884967489404	0.1378805726779001	0.002196025274524533	0.06450933300657151	2.09104503349294E-4
12	12	0.6995465984630599	0.00530125643671841	0.07821027382716302	1.5922243641063293E-4	0.020912669625169196	2.345072093956791E-4	2.392541783982546E-4	0.19503612513183982	2.2125194613842994E-4	1.388407457066036E-4
13	13	0.040226930741572485	0.4404603560083006	0.4852855796369275	0.002031575735589326	0.0027515468574500147	0.002992160948977989	0.0030527292159925425	0.018604570038062603	0.002823032327350655	0.0017715184897762772
14	14	0.41041716291610586	0.0030019624893091643	0.11118915995655745	0.1486796188835581	0.012687896223234813	1.723846640727507E-4	0.0010708294032713193	0.2722432964136772	1.6264080967405144E-4	0.0403750482405393
15	15	0.4701326606366904	3.058732096364978E-4	0.05027727928026598	0.002702737175112928	1.5291157217467883E-4	1.6628320672391634E-4	1.69649163915601E-4	0.4758372730189209	1.568842305215851E-4	9.844850603752592E-5
16	16	0.5328524289336141	0.00235379946286353	0.10295890789753584	0.0037032959402073305	0.12718178781061765	3.3477024880348543E-4	0.002079545925314673	0.19499943037762443	0.03333783160355097	1.9820179986806646E-4
17	17	0.1563546185999141	0.23073592388348127	0.5004631990846291	1.0958943557115615E-4	1.4842688942042506E-4	0.07725373354791469	0.03116919648474543	1.656275773219588E-4	0.0026661632698782986	9.33521227123678E-4
18	18	0.527624157371332	3.328863406444091E-4	0.05001991140287664	0.0020019097277199673	0.09317881054741294	1.809684746916043E-4	0.003942708246038602	0.3168036506679507	1.7073942979579202E-4	0.005744257791537514
19	19	0.09143787336005572	0.02087516512101425	0.47278688635439925	0.005558721580633219	4.659599887828951E-5	0.0276722602421742	0.3780728793388047	8.411841243024385E-4	0.0026784341458286273	2.99997339093049E-5
20	20	0.5807584854885066	0.007651716480347597	0.19216434876987196	0.013985266874242914	0.18289651921013164	4.3939209092122886E-4	4.482864044093085E-4	0.005013194934185697	0.01638264625022451	2.6014349715856215E-4
21	21	0.12438497776093911	8.701735050213471E-4	0.6523109022211563	0.0013690673565288237	1.1380863482791457E-4	0.0014087987866789754	0.04060496133969162	1.269975308279489E-4	0.16588666040339106	0.012923652460936984
22	22	0.5725358680448537	3.599399806613497E-4	0.01345007405799889	0.09562499112021645	0.05097362878650831	1.9567576475116027E-4	0.0012155104604590274	0.2602644770884801	0.0052639842317514585	1.1585046431950594E-4
23	23	0.2876605834853257	0.06571537450150827	0.3811348417186748	1.2391927331778432E-4	1.6783508539795061E-4	0.19442639757105054	0.001133737344687481	1.8728492318765335E-4	0.06934196943911558	1.0805665773440357E-4
24	24	0.43564585578056225	0.06510189419486323	0.2890138091059837	0.18385413814532578	0.003428121791397896	5.609569599126502E-4	0.012221408371205987	5.756275434558386E-4	0.00926607173942379	3.321163678689732E-4
25	25	0.12065195479197086	0.0834455977526529	0.4179469741751517	0.0999897966650235	2.719309596197484E-4	0.012577435915885218	0.10009071562451467	3.0344411458410896E-4	0.15840621094568882	0.006315939054908496
26	26	0.4684840506979682	3.0934487109723815E-4	0.0674363905649007	0.13369497175302048	0.01936234236637147	1.6817052140910172E-4	1.7157468222075937E-4	0.30313030732578145	1.5866486681054604E-4	0.007084182350420068
27	27	0.4934594228703115	0.012002340812181371	0.014421706311106001	0.007866286349705504	0.0015103511504447266	2.471446585941058E-4	0.0117998727101084	0.4403502490723824	0.016913222691418883	0.001429403373747088
28	28	0.14387915152603487	0.16768551265583498	0.4225191305664017	0.007350692008320881	0.010495941973415494	0.21805983561672806	0.009465647492744098	1.0281852629644272E-4	0.020381947046394906	5.9322587828591005E-5
29	29	0.4129523451955133	4.966756863213548E-4	0.07743467755630154	0.005790482448685437	0.007257240721844201	0.007278953528189266	2.754756293359629E-4	0.47127807650037346	0.0030583253925198332	0.014177747340915639
30	30	0.15168472900966454	0.06223691660188082	0.464993263456623	9.649084804246109E-5	1.3068628702975915E-4	0.0016177215628804555	0.0872058142845118	0.0023592418353474845	0.20524347848911595	0.024431657624903777
31	31	0.5340667812640387	0.04022296175019091	0.05002634741769594	0.013837813530939644	0.07232594416516337	0.04623795090128857	0.016405941429441618	0.022623368595153126	2.2592798216517594E-4	0.20402696296392286
32	32	0.5166402766766361	0.0017466605515791002	0.09187808942409302	1.6866849661691078E-4	2.2844300790118065E-4	2.4841962820231574E-4	2.5344821678066517E-4	0.3884545383795893	2.343779807042481E-4	1.4707763789714108E-4
33	33	0.17058314774920047	0.0576544635916473	0.46996488091347605	6.958763612085602E-5	0.0022226167981170037	0.018725710293672468	0.14483358689558362	6.372630009868301E-4	0.13524806323518954	6.067988600590356E-5
34	34	0.29033829135683725	0.006622968821407353	0.32124379285653504	6.061953511736677E-4	0.08211602945528844	0.15610412464825474	1.0535002536836154E-4	1.0596033868256234E-4	9.742316014930253E-5	0.1426598639863033
35	35	0.06991092470249663	0.18410212430804596	0.6042328073393102	2.4988085889095235E-4	3.384362590936642E-4	0.021385495512957618	0.07298126622264946	0.002288335039136203	0.04429283556129768	2.1789419612165637E-4
36	36	0.08484561026431721	0.0016586028116711258	0.5959529461797556	6.466716611040069E-5	8.758459484142993E-5	0.030257810819025333	9.717154218885041E-5	9.773447594944436E-5	0.28688148287231785	5.638927382285211E-5
37	37	0.49608268910190373	3.8580747215737727E-4	0.17665989942695742	1.424051356993959E-4	0.17005825756205514	2.0973822364049821E-4	2.139838110100396E-4	0.06337030264844551	1.9788300018435388E-4	0.09267903361794651
38	38	0.3143443832596226	0.09358977666914768	0.12037061021195777	7.632962342109131E-5	0.2878396952180978	0.029294602440134966	0.0024492705946957557	0.026962967980823812	1.0606594215387942E-4	0.12496629805994461
39	39	0.20757272115958592	0.1991606961098216	0.3789561814552825	0.025506188753371916	0.00837507581565744	1.224236292988588E-4	0.08402102373802095	1.2562534745129764E-4	0.09608758268900398	7.24813025056429E-5
40	40	0.18940054432442513	0.15540326912183455	0.3882361943308566	0.003972564152090158	3.302336446484211E-4	0.19052483151550442	0.03765377685871265	3.6850329968440295E-4	0.0338974696157975	2.1261313644611057E-4
41	41	0.118361943125328	0.042494524314138214	0.3098033251253028	5.082090640134316E-5	6.883135235950876E-5	0.5048595656294259	0.007848262660782644	7.68079839146095E-5	7.061959796179374E-5	0.016365299304385156
42	42	0.5564202358240578	0.03823432800422473	0.07113307229772314	0.11145962439791911	0.11892130336296332	1.5887683613734688E-4	0.012534509806590382	0.0644995999708026	1.4989649692344218E-4	0.026488553002658167
43	43	0.5909894199534241	0.010160820361552334	0.16028786448231958	0.02899188848346825	0.09302769756817778	3.080046571645759E-4	0.016304663703829766	0.097857648181546	2.905950311420062E-4	0.0017813975773756006
44	44	0.6237374606316249	0.0029160152024730766	0.08947511607706489	0.13021319181786536	0.09435169199923088	0.008908654164775123	2.4340288440154978E-4	0.04978813046542258	2.2508849053372708E-4	1.4124826660789447E-4
45	45	0.3695587493485946	0.04961346448443873	0.3420810268657873	1.6078847990617337E-4	2.1777038820148067E-4	2.368137215820918E-4	0.11335066791608046	0.001472453368744468	0.12316805910301795	1.4020632364669403E-4
46	46	0.12182554331535968	0.07723586267821603	0.6026494937584204	4.980593843273222E-4	7.801745881054271E-5	0.02607174458676169	0.13046153694355098	8.70586370304121E-5	0.04104245353838695	5.022969913596911E-5
47	47	0.5078686979650834	0.01533914643059433	0.12218759968268034	1.155950034556083E-4	0.3192375300746308	0.030222198766344566	0.002825340208332329	1.747040695400296E-4	0.0019283898412019475	1.0079795813664802E-4
48	48	0.257753461641832	0.09598170506127952	0.23035040430718404	7.117831949897094E-5	9.640323907449783E-5	0.061605640064059226	0.00500524980515699	1.0757508289937553E-4	9.890780512487243E-5	0.34892947467389057
49	49	0.1289921519371805	0.20109994818456634	0.3517922937481038	1.3326333956058148E-4	0.0022184490555959635	0.1408154073790269	0.007333101567392882	2.0140704222279993E-4	0.0042610966756483045	0.16315288107070194
50	50	0.5018971030106005	0.005017723265125331	0.09968609555272497	1.0327216510795102E-4	0.05857441228282121	0.006469349825623733	1.551810006888055E-4	0.29943569090600125	1.435046971215518E-4	0.028517667294184746
51	51	0.1517800994530825	0.02546714497360441	0.45814586791231193	2.494043273918565E-4	0.004151860492078429	3.6732959340625193E-4	0.07665615804937174	3.7693628317580396E-4	0.28068068542991687	0.002124513485660114
52	52	0.15607419395066652	0.06872408061717653	0.46866400948342507	1.225261056951485E-4	0.001102826684180762	1.804598382767272E-4	0.07232375662906394	1.8517936459126164E-4	0.23251612550069203	1.0684182623212582E-4
53	53	0.08265397386534604	0.1201316006049985	0.5787918029330418	2.479855760059431E-4	3.358693059769922E-4	3.652400171138834E-4	0.06673916222365629	3.747920586559282E-4	0.15014333189125037	2.162415239542678E-4
54	54	0.5791454565518959	0.0021691279344734937	0.05458016492921133	1.2049411548192631E-4	0.018590019419278736	1.774670668736246E-4	0.0029450829115573547	0.3410783400229314	1.674359352211532E-4	0.0010264111130751702
55	55	0.6101234233609452	0.06454607800949362	0.04830761502264042	5.161582154172556E-4	0.04805984695175833	7.602120997067667E-4	7.756005531448952E-4	0.22179700723336843	7.172419431008052E-4	0.004396816610424311
56	56	0.2830075971761132	0.07068166614209345	0.3672144666363573	2.1321600636556735E-4	2.8877773148980584E-4	0.17801955969134728	0.00684169096221883	3.222432016055296E-4	0.09322485972702099	1.8592272538798063E-4
57	57	0.3414616331604823	3.8580747215737727E-4	0.22021512645270996	0.002320166486987022	0.24410214350583442	0.1167199705175285	0.002391745162297666	0.04812597318943212	1.9788300018435388E-4	0.024079551052386277
58	58	0.15227460594964531	0.21943927438883776	0.34163807327233586	8.076033762758882E-5	0.002579470909472123	0.040875429016253524	0.23416236956966596	1.2205682961361608E-4	0.008757537330355272	7.042239619304502E-5
