0	0	2.0906454240029416E-4	0.003187565196519098	0.1276273885992015	0.12208921987077602	2.6118085866979165E-4	0.1347842797661989	0.09888786574622997	1.9879404035581146E-4	0.0037417516333399137	0.5085121896251634	2.638567116921718E-4	2.3684340945303822E-4
1	1	1.041110238409928E-4	0.14220982533172363	0.00308158964972064	0.003966733278792598	1.3006417200922438E-4	8.809040961092342E-5	0.46164009888028407	0.013942658864646736	0.2153471829515537	0.11042317894868768	0.013246445294136757	0.03582002119499305
2	2	1.423951769621401E-4	0.06495326789978983	2.28593790952265E-4	0.022366625293482018	0.01612257692193131	1.204833936161513E-4	0.28559602421608654	0.003125028309617651	0.2646392901935859	0.1440526651888586	0.19350902001628964	0.005144029598827975
3	3	0.0438080924511255	1.7332160833428124E-4	0.26612090079409184	0.05768655700041697	1.7323086503144767E-4	0.017585097834564505	0.1451637868913214	1.3185217228140148E-4	5.408914077755957E-4	0.468284174519326	1.7500565180611702E-4	1.5708880392501962E-4
4	4	2.0998625001651276E-4	0.026714806591986398	0.12084219103309168	6.528130714621236E-4	2.6233233267816523E-4	0.15007424898448546	0.04935830978909861	1.9967046817542702E-4	8.190994410931904E-4	0.6503636344687236	2.650199827947934E-4	2.378875863939853E-4
5	5	0.12304273110342741	0.019983651920897284	0.00944606207378898	0.14624522552428446	0.004819799251904161	1.8333134552344372E-4	0.2647383889310735	2.060287332001481E-4	0.0872783346666235	0.33595566895768914	0.0017898303118149145	0.0063109471797730046
6	6	0.008835079103851496	0.02866974166232697	0.027495651451740637	0.03518281194497743	0.012589854134793249	0.0013864491040740923	0.5548595035180824	0.1053050277574175	0.03532277120678604	0.1033464378634605	0.0051706830963706655	0.08183598915611894
7	7	0.0021955688688731962	0.12028104048604964	0.0022559946564104133	0.01917206428953309	1.2470339564906333E-4	8.445964044441035E-5	0.39161640076048354	0.12444268580899251	0.04719442988981274	0.1799217289188678	8.245639836481957E-4	0.11188635930123547
8	8	1.4016036410784957E-4	1.7519173616772E-4	0.31705655520177295	0.07007982239395848	1.751000137510993E-4	0.07957170539685232	0.09081864399835994	1.3327484784766576E-4	0.0025085328449714448	0.4370435302135538	1.768939503489074E-4	0.002120589038307755
9	9	6.825472901119714E-5	0.03447798668990963	5.872485896438988E-4	0.0016452208644081433	0.01489322572458177	5.775168483274037E-5	0.3317874534754665	0.259920649611505	0.09341306461702632	0.1559862513934142	0.001519171124592692	0.1056437214956079
10	10	2.595770598547785E-4	3.2445517728734254E-4	4.1671147452012E-4	0.006256879207955596	0.020307238703197807	0.0783348147738258	0.27537746663095386	0.07291211015640885	0.23535808411760453	0.173583577865798	0.13475838506913768	0.0021106997634554947
11	11	0.027710417502048224	0.0845035806926539	4.1976168476888655E-4	0.06120055861875439	3.266589841494615E-4	2.2124097107059884E-4	0.4311072181810565	2.4863177036911694E-4	0.23342098006975637	0.10165698617796876	0.05888774521883662	2.9622012856707385E-4
12	12	1.7373194630198563E-4	2.1715412552026468E-4	0.286003891832278	0.23033594867146123	2.1704043350711627E-4	1.4699805791573635E-4	0.07488038463618234	1.651971929229545E-4	0.009188638427000111	0.3982549345250036	2.1926405855734625E-4	1.9681609334924952E-4
13	13	0.0021825409815600045	0.002728040457446864	0.04932682446555398	0.006785164655552936	0.002726612179670357	0.0018466913681675526	0.7879556070844534	0.002075321501126254	0.039062225420067	0.023712073310443546	0.06385199622608224	0.01774690234987582
14	14	0.021585654366495427	1.5968484320427634E-4	0.27736963338153875	0.018278750558683405	1.596012394907863E-4	0.18518248405605048	0.1578825877208117	1.2147817954868587E-4	0.01033320552528915	0.32862095452193224	1.6123638787509797E-4	1.4472921908002267E-4
15	15	0.005298018498146786	1.5403822604896544E-4	0.4780026892150405	3.831228837308662E-4	1.539575786471288E-4	1.0427303658050949E-4	0.05570377349640702	1.17182588565401E-4	0.010830276583885105	0.4437827397541802	0.005330316690885581	1.3961144788187226E-4
16	16	2.478695761372064E-4	0.03500378376339469	0.18948001094866376	0.16556690667524745	3.096593424707956E-4	2.0972738223533992E-4	0.11897740740132369	2.3569273850011E-4	0.02872204179736514	0.4606532639532236	3.1283186779167425E-4	2.808045536464571E-4
17	17	1.1962566627006854E-4	0.03447439516504014	1.9204080595465754E-4	0.004557856544720471	0.006846982068934098	0.008473137297333417	0.5404800882733543	0.060391570344903195	0.14027768528466536	0.11515777230647661	0.005174129250415189	0.08385471699193253
18	18	0.02922927261725833	0.0011061817613596194	0.33715605580895575	0.04734460653744248	0.014245845239909623	0.02170020660718201	0.05217120272228158	1.2752091042049645E-4	0.03149539424374695	0.4604097598916999	1.6925682497986703E-4	0.004844696834763426
19	19	3.757799599589421E-5	0.05764112530920563	0.0013752608041459897	1.168238729133074E-4	0.3198391495139922	5.577695100568308E-4	0.3609725005364723	3.57319398437016E-5	0.1679322938450434	0.08877189897366049	0.0016253485921272576	0.001094519106543073
20	20	0.11864970597568736	4.064052347522457E-4	0.0050729082222315015	0.03514289471518898	0.014059026952597054	0.004826052568884718	0.22660703606227722	3.0916752702448737E-4	0.028573953429627524	0.5018609252033698	0.06412358162152415	3.6834248683503514E-4
21	21	9.174446170337439E-5	7.567421492955997E-4	1.4728177419397653E-4	0.007347958670561655	0.023871104166329586	7.762681522878067E-5	0.3605765143410848	8.723742444743296E-5	0.427332611025074	0.10115924725951758	0.07523766076519019	0.003314271147373028
22	22	1.4499608344750384E-4	0.0011959811610456315	0.2975530765707452	0.15570676592962232	0.0072843567331993715	0.05491891820440836	0.022919852885025935	0.0011526180842200205	0.01172778625967193	0.44704838902825733	1.829970273651161E-4	1.642620329911847E-4
23	23	0.0323179225378247	1.6905611541167143E-4	2.1712590231670633E-4	0.043015186786058444	0.021939597929914793	1.1443909059869652E-4	0.37254925704503244	0.020006139289191982	0.12831171443387965	0.21065679333232204	0.01626203417141013	0.1544407333660388
24	24	4.1480974016452367E-4	0.06728788472221058	6.659139238497096E-4	0.09418613019047321	0.006324249554472066	0.14840486207826029	0.20491472808481836	3.9443180215782946E-4	0.19902323808910063	0.2773903012524414	5.235241364273611E-4	4.699264256240346E-4
25	25	2.1899757984950906E-4	0.05391611369965634	0.001884206732121866	0.01600722221427816	0.0784382014015854	0.020109610912178978	0.362602273589392	0.0017408785460494975	0.14338971797804986	0.10659876665818607	0.2148459144171467	2.480962715055249E-4
26	26	1.246341148821757E-4	1.5578489047826742E-4	0.2374502439441727	0.045744115953723324	1.5570332860246082E-4	0.1588537261266119	0.0938418671849088	9.907545866641434E-4	0.010953082846679648	0.4409646750078283	0.010624217490714743	1.4119452473359542E-4
27	27	1.830811197447539E-4	0.002791401156494253	0.45130467053459217	0.05438295346170526	2.2872020052834403E-4	0.030905642328725568	0.052003089454957296	0.010424331662011635	0.001995430393858083	0.3953422086880292	2.310634872568594E-4	2.0740751209644842E-4
28	28	0.00839259049578046	9.285439953766677E-5	0.001159044733201227	0.020506811107536528	0.01776920025349665	5.827498475941524E-4	0.44429451580375967	0.052060033278713246	0.10374867133014014	0.10842513726563481	9.375660005885655E-5	0.24287463488454658
29	29	1.9999347120209203E-4	2.4997939799259683E-4	0.5251862453054379	0.044010602542589365	2.498485201613085E-4	1.6921845687167247E-4	0.11839112288097994	1.9016859448564032E-4	0.002179760816222946	0.3086940846980633	2.5240827098384525E-4	2.2656704500927766E-4
30	30	0.008214627596082623	0.11439891498530119	1.6910581341026692E-4	0.02465534759821008	0.0517361618120353	8.91294649562167E-5	0.35797850425322136	1.0016416288936307E-4	0.2097779852316622	0.09255824735486858	0.14020247604807762	1.1933567928528054E-4
31	31	0.21868358618166783	2.2173731779947574E-4	0.0027678114513614896	0.019174190063289572	0.05857270538791763	1.501005564866675E-4	0.17081573301765565	0.05231220581400543	0.018073158179615478	0.45756239778176144	2.238917824740845E-4	0.0014424824659651607
32	32	1.8402426661576524E-4	2.3001888565728803E-4	0.36605366135862966	0.022466080549993453	0.002805660700482116	0.0014435877161230912	0.1334074952741338	0.009190151740682514	0.0020057099023891214	0.4604849986907306	2.3225381646893275E-4	0.001496357098093606
33	33	0.0016713324539313408	0.08571190858142776	1.2198382539886536E-4	0.03267494079697704	0.11655522527179396	6.429319531869702E-5	0.4087207683166139	0.007517203546346582	0.13643263843339504	0.12951683145152357	0.0809267917959079	8.608233136535598E-5
34	34	0.12973313011020488	9.569007495415653E-5	6.586697688252421E-4	0.11328567397251249	0.005453349655342524	6.005464132390097E-4	0.3024892209609632	0.003823191762680893	0.05762611726552784	0.238714045988602	9.661982772759736E-5	0.14742374419942017
35	35	0.0021791350416134566	3.405396964676008E-4	4.3736950118682545E-4	0.014193816221895509	0.07470126072005692	2.3052140457391506E-4	0.5654990209498927	2.590611704958506E-4	0.16122467231080698	0.0792275532984432	0.10139840395873283	3.08645725834197E-4
36	36	7.061593672043223E-5	5.824662844621222E-4	1.1336314207370083E-4	2.195334529809224E-4	8.821931627746077E-5	5.974954967557069E-5	0.26221640216269926	6.71468591134241E-5	0.5770077363146668	0.07539151642410374	0.05346280483006152	0.030720445727165015
37	37	0.25791281963569995	1.942453096523458E-4	0.11553338487072923	4.83125683111576E-4	1.9414361165215308E-4	1.31490402080669E-4	0.22250534632027336	1.4776960749024822E-4	0.003868940903935775	0.3964813800854245	0.0023713007185222025	1.760528514279703E-4
38	38	0.275970483619097	1.0417368699564656E-4	0.02521444380015153	0.17115747681026736	0.011769537350280952	0.0070697691758413546	0.1654079360079265	0.09456913623675663	0.013157058855017901	0.19805104325776057	0.013520416803494079	0.02400852439641056
39	39	9.075387016479603E-5	0.10681606509087732	1.4569153019892135E-4	0.0345794124240412	0.03568092010145361	0.01786056005579429	0.3928859427208618	0.0400997811462104	0.10134042241024588	0.1743777606164713	0.07633070201820473	0.019791988015475763
40	40	2.6585556268655795E-4	0.046846597799495855	4.267906555320063E-4	0.023153363215038223	0.013356131504169089	2.2494568346738576E-4	0.4662347484899489	0.020719084894767443	0.06429647152808554	0.159176401130617	0.03754696757502691	0.167752641961165
41	41	0.02802243262019957	0.010945402950730982	8.910062934634157E-5	0.00794113960393853	0.013275944149247536	4.696167009725907E-5	0.24610386219152805	5.277577258529585E-5	0.09848918516764771	0.11402444128667197	7.004858790759493E-5	0.48093870537009914
42	42	0.055331350968519676	1.4718344610615275E-4	0.07765288831394797	0.22534088491302867	1.4710638755499773E-4	0.07344306944935518	0.11585527741865279	0.03966797866271798	0.037543081126726795	0.3745891671228903	1.4861352354404101E-4	1.3339866695550998E-4
43	43	0.13750539007183418	0.011458827964309578	0.10092976428909477	0.01667156100356592	2.849446915661948E-4	1.9298853949375187E-4	0.14300273869316352	0.0034093769703069966	0.02164092396940204	0.5627609792091215	2.8786401007223654E-4	0.0018546405880692986
44	44	1.7674040636929639E-4	2.209145134568847E-4	0.07697187258021035	0.3419353829414896	2.2079885267582222E-4	0.053336481288967286	0.08236159174119667	1.68057859419355E-4	0.0031632274732807317	0.43854783600884284	2.230609835236944E-4	0.002674035350567401
45	45	1.7543840199357746E-4	0.1315931959230398	0.001509433201664406	0.030012454407499427	0.039508565576412503	0.0013762354645487638	0.29416313606664657	1.6681981729399771E-4	0.1308304529442707	0.27202061792012316	0.09844490098693313	1.9874928957390296E-4
46	46	6.290605782389523E-5	0.164729772968763	1.009861045760695E-4	0.0028370269026192006	0.035298083601715304	5.32260676753952E-5	0.47924348590049576	0.0022610342424432364	0.20760016282172758	0.07200291835910295	0.008884266665397048	0.02692613030766061
47	47	0.13346313669215323	1.5771076051720784E-4	2.0255458431046283E-4	0.343006437188934	0.009870916798622908	1.0675908391286771E-4	0.13473815548724222	1.1997642167178526E-4	0.05259072202457905	0.3254414478103215	1.5924312442289594E-4	1.4294002331187246E-4
48	48	0.29108069613209525	9.71474407482973E-5	0.0044762169021191	0.047019672696042965	0.012607504820205492	6.576197936497931E-5	0.3196065588545686	7.390365931486818E-5	0.034026880926465275	0.18795659644810137	6.420221468201438E-4	0.10234703799415366
49	49	0.03984134047998325	1.8178949450985469E-4	2.3347991837522779E-4	0.03811236004250336	1.8169431780736038E-4	1.2305869197008792E-4	0.43318082304459615	0.16808249328090738	0.042298906376213995	0.12270350286829443	0.015451210293870936	0.13960934119096796
50	50	0.030093740919365248	0.00960859857859275	0.2873674501418976	0.05005582786697372	1.4083898078578644E-4	0.12633119898147635	0.10460752071690017	1.0719755717396777E-4	0.002017699494048323	0.3893999295849663	1.4228190586966884E-4	1.2771527195019008E-4
51	51	0.0021749880143123565	0.02317662577442582	4.365371602683171E-4	0.0027484374483471123	0.007951958392087998	2.3008270823798348E-4	0.3398616226157573	2.585681612393404E-4	0.21991274843926994	0.12094412435149784	0.2819962485804205	3.080583541353534E-4
52	52	1.33732609372265E-4	0.03573205782302575	2.146873567106315E-4	0.006967181932088087	0.009526254237212118	1.1315382274919048E-4	0.4320076017636021	0.01323002089780293	0.15026860362895467	0.1240582436304748	0.22666104191068118	0.0010874203873263788
53	53	2.703831683594886E-4	3.3796214070176553E-4	0.0023263169685504197	0.014086382776627744	0.05142874933592796	2.2877658074964033E-4	0.4987742291976726	0.004041616190264269	0.17135790523735842	0.05024400846921693	0.20659736035802678	3.063095765438894E-4
54	54	1.315170039877178E-4	1.643880736957565E-4	0.40519270524727335	0.03998660975913806	1.64302007584918E-4	1.112791549315056E-4	0.06588940568327255	1.2505610132659684E-4	0.02536415426706092	0.4625556054268964	1.6598531633050674E-4	1.489919585017879E-4
55	55	5.615185730106226E-4	7.018632858320484E-4	0.19738888035877478	0.1274976363886028	7.014958221712498E-4	0.004404860996216345	0.11233898145621744	0.004463682373267618	0.057206817107703256	0.4933894520584699	7.086827949283813E-4	6.361287848056127E-4
56	56	2.325408270695162E-4	0.02307455443250815	3.733089163906811E-4	0.003977773418036203	0.011682455823166182	1.967574225290728E-4	0.39804568890085734	0.001848537948246347	0.16202174970177205	0.2580315088246347	0.0588806388007895	0.08163448498400014
57	57	0.21440945834385258	0.00128182934194853	0.013300485834887901	0.062475415523994084	1.9414361165215308E-4	0.0023066584666730375	0.21924259422338482	0.03495045864096814	0.047372302195783145	0.32035049782469155	1.96132653929834E-4	0.08392002333823416
58	58	8.817765453835167E-5	0.33581545936492374	7.586610336883633E-4	0.005210971780742488	0.00874963203834532	0.0013088193200933502	0.33174762889451137	0.00440358242012149	0.12499921272020785	0.13733825522311086	1.112874794744967E-4	0.04946831207024235
