0	0	0.023480388071541885	0.26872940977072596	1.8405845203943333E-4	2.1914456012040224E-4	0.40653843525808536	0.0016435373899749476	2.531456923350608E-4	2.0847640054683078E-4	0.0031115459010149266	0.022585678332153237	0.03550557284135792	7.136697769576062E-5	2.357354323896424E-4	2.5633813164176747E-4	0.2369771667883768
1	1	0.2964561000000402	0.3064874509428697	9.170058253042085E-5	0.005207147274750036	0.022657945721251096	9.05531974027343E-5	0.08679154770304735	1.0386595759206946E-4	9.365536894440211E-5	0.24066099442356778	2.1064829502654304E-4	3.555606034725701E-5	0.027063840026309984	0.013965048425577291	8.394602074321375E-5
2	2	0.1663812610476487	0.2418461277799418	1.2540004541419396E-4	1.4930440567589054E-4	0.07082142283520233	0.03597695631255038	0.010131671040862766	0.019064518931834605	1.28073205151287E-4	0.22851465962660675	2.8806039213532777E-4	4.862271819065822E-5	0.01310756977658853	0.2133015561576434	1.1479572455330571E-4
3	3	0.08055778245577178	0.23842273799585034	0.005941163958500084	1.4539476317815449E-4	0.37252722991138115	0.0049697947349782575	1.6795332709333127E-4	0.0030478406132486814	0.16208821112910982	4.371898812366711E-4	0.12926940585459265	4.734949758786968E-5	1.5640222758055562E-4	0.001139912666233879	0.0010816309836568676
4	4	0.004496943603564394	0.2743177336883091	1.848691672651103E-4	2.20109817784722E-4	0.49201767303727945	0.003118997203615187	2.5426071348631226E-4	0.0016776152559207515	1.8881003357764417E-4	0.02855804295524902	0.0018928893714759533	7.168132509348896E-5	2.3677376723464525E-4	0.02228077602457055	0.17048282403557366
5	5	0.09250593928420715	0.41787350613893426	1.9075050753139294E-4	2.2711228744200668E-4	0.16832620135065252	0.18197994731808492	2.623496435901426E-4	0.009305635428443022	1.9481674670123353E-4	0.07036968132532131	0.05800551378303976	7.396176087328704E-5	2.4430637589966715E-4	2.656581546162323E-4	1.7461989466312032E-4
6	6	0.48086083818731074	0.16912303443861937	0.04217780076434404	0.047151251963772706	0.06564302667854723	0.006333407531876	2.1403637847050664E-4	0.007591946683115763	1.5894007081054324E-4	0.07471393098690239	0.013952896262980172	6.0341257666624796E-5	0.07312015437258836	0.01875593183241932	1.4246259057620436E-4
7	7	0.30938057069631264	0.2219381527390127	0.03639832326725333	1.0468291355615736E-4	0.11738841602212986	8.682255606608382E-5	0.19982812815571951	0.0014961407217393948	8.979692329251298E-5	0.057573481390410707	0.005089908476955073	3.409120971465073E-5	0.05038854747565243	1.2244986807365325E-4	8.04875841113285E-5
8	8	0.034372091837190574	0.22824982865657145	1.2343317208697243E-4	1.4696259748761913E-4	0.38536699427004	1.2188873930358434E-4	1.697644170036536E-4	1.3980832251732974E-4	0.2393191056907077	0.006323700324972044	0.05027880905184069	4.7860081086418476E-5	1.5808875860215114E-4	1.7190532879529205E-4	0.055009758751794494
9	9	0.32475238435737713	0.21481190204152958	0.23739397783938976	7.158984139168036E-5	0.041121096735808126	5.9375621167219786E-5	0.054043914661132376	6.810478179725782E-5	6.140971126604424E-5	0.05131128465407379	1.38121830302583E-4	5.008469625738225E-4	0.060246154764362105	0.008201799437225292	0.00721803676060315
10	10	0.15798112025201327	0.28277597071616056	0.07281103936950024	0.012973980394060383	0.020162614227166722	2.256197771511948E-4	3.142391179973464E-4	0.21256277981304056	2.3334905973856744E-4	0.1550559199151299	0.0023394093346283955	8.859047103819139E-5	0.002107191137895304	0.07108619879119535	0.00928197762328398
11	11	0.2834286714903161	0.2464589887496621	0.009369303473293483	0.0514532859396327	0.04041616935414597	2.272693563386402E-4	3.1653662185749006E-4	2.606815662450959E-4	2.3505515021172993E-4	0.3005882237983364	0.042568792975126314	8.923818463438316E-5	2.9476660942729933E-4	0.024082329989180494	2.1068674159179106E-4
12	12	0.07661659088280459	0.21970309909136937	0.00865744561491467	1.8213663769755975E-4	0.6792781924189933	1.510616002266803E-4	2.103958465781526E-4	1.7327005796551536E-4	0.0050159337756937854	5.476696220913605E-4	0.0039961780753858265	5.93149168430233E-5	0.0026257742886270185	0.0026428977178703196	1.4003945293873253E-4
13	13	0.48509105452961543	0.17908443831929408	0.001904996928031293	0.0022681366120296128	0.062205160054146925	0.001881161036445909	0.017749425905985786	0.0021577216270603425	0.04733374304156912	0.06733761316747708	0.004376028416040558	7.386450976137437E-4	0.0024398514143441014	0.12368812095220234	0.0017439028981437754
14	14	0.09120111343095483	0.1946542175331394	1.1251375332621552E-4	0.004601851348675481	0.3164262658425483	1.1110594757772023E-4	1.547463409986677E-4	1.2744028891668624E-4	0.10734426458596343	0.011125746753899917	0.03689515427822096	4.3626176549490975E-5	0.0019312594334055819	1.566978587077635E-4	0.2351139964271156
15	15	0.02505209798911843	0.15243288496541188	1.085373051390248E-4	0.002715218830607228	0.4940205533866175	1.0717925390009858E-4	1.4927731353360334E-4	1.229363088177507E-4	0.30525786238810726	0.002112569812940685	0.0011113216678889431	4.208434521309145E-5	1.3901066902308247E-4	0.001013157068235756	0.015615308695445747
16	16	0.04689484298683182	0.20765479030811612	0.0019509971493900078	0.05224414391521613	0.44725885184317843	0.0019482671546686568	3.0008166575983637E-4	2.4713019988862467E-4	0.09032907306533858	0.028506121778750226	0.08714181200072454	8.459919404373298E-5	2.7944335365765843E-4	3.038660181466261E-4	0.03485597936628899
17	17	0.4184288258543791	0.24252171301470823	1.0535864511412835E-4	0.011839977157449418	0.024359159159915073	1.0404036622056676E-4	0.14155607247828284	1.1933595472800459E-4	1.0760458120724148E-4	0.11584903591685447	0.0010787751277293635	0.002551109250409815	0.041135810446747356	1.4673294239743757E-4	9.644910385703874E-5
18	18	0.007562966717444275	0.24185132438015697	0.0029321112692738604	1.4062144631917303E-4	0.455973279546999	1.166294765056438E-4	0.007666450076235873	0.002009778530620866	0.194286900918551	0.008864848914833046	0.031225351920079705	4.579501137282257E-5	1.51267535151656E-4	1.6448794712684264E-4	0.04700818630932938
19	19	0.19512069703991652	0.27026315229449754	3.310821925785207E-5	0.0037206302274689087	0.01685772273966243	8.215248364742548E-4	0.016610983971718802	0.0026669367485084756	3.381398900773225E-5	0.18207552003725236	7.605393276229047E-5	0.2916173183329691	0.004512445451346768	0.015559783721087135	3.0308458069702112E-5
20	20	0.13647653151926395	0.3540969833817786	0.0071027906084306465	3.4064351470096534E-4	0.2524708349784477	0.1866052695036621	0.002665724274486701	3.2406067381029704E-4	2.922037467297394E-4	0.0010242865319273983	0.03701287788464807	1.1093452697394147E-4	3.664327610260563E-4	3.9845808659980044E-4	0.020711968007513962
21	21	0.23109148735022159	0.3227250976520249	8.081254892609482E-5	9.621742598825813E-5	0.010340532039291486	7.980139813283259E-5	7.529546784728509E-4	0.12909509101933428	8.253523452263964E-5	0.29487953124687527	1.8563705025956325E-4	3.133432511705877E-5	1.0350180039284842E-4	0.010381487508372757	7.397872206767536E-5
22	22	0.0031060374321613417	0.13775209353293855	0.0011417885366560906	0.024490416939405672	0.5568537265594082	1.260913876847878E-4	1.7561778915585352E-4	1.446288270500971E-4	0.03765209123530114	0.00755583706805063	0.027674004143855645	0.021345599034201933	1.635395612704027E-4	0.0032201309135634583	0.17859839703929611
23	23	0.3292630626931956	0.24391041906428507	1.1911282187998863E-4	0.0020337934209567776	0.11173203212620625	0.0313352056504784	1.6382240221346877E-4	0.13257314659092964	1.2165195652359604E-4	0.04772580539319226	0.028653238907446803	4.6184904894055246E-5	0.0720475955156272	1.658883788110605E-4	1.0904017335989282E-4
24	24	0.08421658086028722	0.36754021602997317	3.648652794895125E-4	4.344176553207473E-4	0.23793788631173704	3.6029997593588914E-4	0.1859571564684944	0.04967484375215111	3.7264313292946163E-4	0.03318139360748612	8.381435201172453E-4	1.414731677614389E-4	0.003365045945272871	0.03528102345608592	3.340108369578154E-4
25	25	0.29101799454137056	0.2615797958529302	1.9279500389298815E-4	2.2954651554109746E-4	0.015482469190674801	1.9038269511528E-4	2.6516155166172436E-4	0.05534038896801092	1.9690482570538996E-4	0.11399659541071326	0.0065675440272845425	0.05825910576159518	0.0017780920317402107	0.19166439784623177	0.003238825777532039
26	26	0.012259519611172259	0.2500546814514574	0.007083896854578487	0.005361288860866002	0.35490608163939885	0.04020963853975627	1.5096906742220615E-4	0.023662016605175095	0.20149009659652878	0.0012647452954969772	0.026405135671531937	4.2561285432460566E-5	1.405860714356141E-4	1.528729496510121E-4	0.07681590950009679
27	27	0.019284238983072924	0.14573981162921879	0.015524218495624409	1.9193022675865348E-4	0.5212051431812251	0.0039999385746221135	2.2170894913453606E-4	0.0040233411935770794	0.2741384448710121	5.771181245333223E-4	0.014453066296273548	6.250431315612599E-5	2.0646077168757896E-4	2.245049373156381E-4	1.4756945278807476E-4
28	28	0.343050793057349	0.26653385046741224	0.059314026010196676	0.001117363899053036	0.04059647984660904	0.0016237949486430146	0.012043665848003034	0.02034337500711787	6.683545293636018E-5	0.04233196318177987	0.01262371176228015	2.5373936643741323E-5	0.1882240591357231	0.012044800893304416	5.9906552948485575E-5
29	29	0.06721169578818892	0.21512740196983712	1.760793730094977E-4	0.0016080570035870278	0.30081468394967076	1.7387621520713098E-4	2.4217162696154305E-4	1.9943878419502483E-4	0.3833448668945463	6.303833729436866E-4	0.026974315597041366	6.827316293826104E-5	2.2551611551312092E-4	2.452256715069973E-4	0.0029580144748532124
30	30	0.2351069635472641	0.1597799831104289	8.29648960336745E-4	0.04137503362146013	0.07524265407991194	9.162080835604931E-5	0.006022545708434492	0.04652772660179896	9.475955411499426E-5	0.3024477368107388	0.009792405923491268	3.597526188372661E-5	0.009698105595885626	0.10844870124604122	0.004506139169853085
31	31	0.06706746453644338	0.3124152577179402	1.562018253036637E-4	0.0014265239298590932	0.189941942367612	0.31649351837228723	0.006417563748237561	1.769241995536069E-4	0.008843354713536516	5.592195826911123E-4	0.04129683943512636	0.018668758237246237	0.03617589633046318	2.175422188642361E-4	1.429927848355733E-4
32	32	0.03482559830203577	0.28032148891095143	0.014317285963435426	1.929181617730895E-4	0.3540249172854634	1.600036467051952E-4	0.0015096915239361805	0.001470368085313034	0.2678284874786008	0.003153771478059439	0.013240620152281984	6.2826045696972E-5	2.0752350072667989E-4	2.2566054626912927E-4	0.028458838918751457
33	33	0.24722965385185222	0.2933591376351608	6.69363589544945E-5	0.08832609609435307	0.044714103988762	6.60988312022537E-5	0.012318972092699098	0.024529638098617496	0.0011315728836462206	0.1724796009250828	0.004406600171860743	0.0616921129989068	8.572967633860936E-5	0.049000865615983956	5.928807765794452E-4
34	34	0.18427694589138516	0.3148400983201842	0.008636893264986937	8.029367294107801E-5	0.09271697598452164	0.041307096640647564	9.275154909447276E-5	0.005967885214553679	6.887585132120173E-5	0.03773280197311801	0.1640457414185891	2.6148569523004658E-5	0.15005183498216038	9.392124583454295E-5	6.17354211390536E-5
35	35	0.4267078998474015	0.1996525461934445	2.397916176620511E-4	0.0536090271198605	0.02116096006289694	0.005950026123528029	0.019373914742085472	2.7160335631191794E-4	2.4490326890196405E-4	0.20843934639138742	0.006264067724331837	0.032467974487061894	3.0711646244240286E-4	0.019378073856633926	0.005932748746049649
36	36	0.15615008600508876	0.2790562841202708	0.005496730710623992	7.406565651922073E-5	0.0054896330773525895	6.142902788296637E-5	0.006014128132013989	0.25252877091192333	6.35334635914409E-5	0.28578220759571654	0.0016250412682628143	2.4120343456962607E-5	0.006008243877655499	0.0015687789254139218	5.694688422722929E-5
37	37	0.14679204102411295	0.23566750971171307	0.004484218187466979	1.6293511634453425E-4	0.3185660704844403	0.21859046728556397	0.0012750575779704074	1.550032844051655E-4	0.0034002929491090375	4.899322548272696E-4	0.061177535638817705	5.306171783423594E-5	0.002348955403043887	0.006711643391071049	1.2527597327938934E-4
38	38	0.11781427172366594	0.17423909085966952	0.08753204731513228	0.019911366345377022	0.1685686702491004	0.19947817813283525	1.009716317083604E-4	8.315449550702769E-5	0.001241095054246846	0.01309009966655329	0.1785842538216947	0.002943753724885732	0.015836581064902575	0.017593971462482393	0.002982494452238715
39	39	0.2470088890245617	0.29511642425257284	0.023570563582639963	0.17341788558071233	0.06927292575144928	7.894010251601628E-5	0.029314504963628314	0.005169599227151505	8.16444326395833E-5	0.13869040776087727	0.005262687145698295	0.005110049808179788	7.372664158551376E-4	0.007095031680988133	7.318027052991532E-5
40	40	0.2640099600190306	0.25243957123760513	2.3399843623840344E-4	0.024437836765250895	0.059676179882489015	2.3107057778611075E-4	0.11925959050378356	0.0058402491094145265	2.3898659390795746E-4	0.08446585216638763	0.01726314761970833	9.073074881826772E-5	0.13596307881948683	0.024485121948178847	0.011364625571913867
41	41	0.20234691768404642	0.2088608534148478	4.8896711925383704E-5	5.821763851369631E-5	0.02994510904229562	4.828490163467647E-5	0.020260667809515027	0.006657077725470985	4.9939045850889435E-5	0.03551353615113663	0.017975729944955752	1.895925186107327E-5	0.4781029504333191	6.809843090331566E-5	4.476181372350077E-5
42	42	0.02393784288830805	0.2733199942251496	0.05281780342429473	9.471372157068907E-4	0.3139054653221925	0.009162647022467696	0.014968476651250135	9.411261194451466E-4	0.01740273258255494	0.0020186079543007564	0.19956340151092944	4.021253805592959E-5	1.3282781970270572E-4	1.444366457239338E-4	0.09069728807991766
43	43	0.0686702099614751	0.28039838829019575	2.0078846195658483E-4	0.012996269608850952	0.4307335778169145	0.13733823938742729	0.021006614954475082	2.2742588213810967E-4	0.006583671622655853	0.018260002698378693	0.0211916970583006	7.785388569361451E-5	2.571626261859793E-4	0.001874288745154742	1.8380900019706882E-4
44	44	0.00996525406896705	0.3384476932948217	1.5562265404565803E-4	0.010072859513509426	0.34249502364051304	0.0026255682868496716	2.1403637847050664E-4	1.7626819306310715E-4	0.029821654031021168	5.57146086375823E-4	0.17338998379911227	6.0341257666624796E-5	1.993158870705771E-4	2.1673560728768118E-4	0.09160249730122563
45	45	0.11662771851122297	0.3347295005227999	0.0013813256024962437	0.0038644697730937545	0.12527539893277867	1.5254423780901766E-4	0.0725965223944154	0.0382072741969096	1.5777009848483577E-4	0.17844607752391994	0.007715945218945731	5.9897080177535285E-5	1.9784870468694536E-4	0.12044629329177732	1.414139104820484E-4
46	46	0.26542131258878965	0.23363305695136655	0.0018159059860896182	0.05200039373989032	0.02293544572105854	5.472403165009289E-5	0.02560330268188508	0.0018232578896005239	5.6598767589843604E-5	0.3461344015012263	5.674232644283468E-4	2.1487600963907564E-5	0.03396038133165372	0.015921576828531337	5.073111527602745E-5
47	47	0.0635981566047308	0.26549976006809756	1.1112358712679864E-4	0.0018973811286186104	0.2392660569475534	1.0973317555376231E-4	0.008095670197040713	0.0027734776402139143	1.134924148091775E-4	0.025108879368097765	0.39298437031550704	4.3087152347951294E-5	1.4232308579022334E-4	1.5476177480462538E-4	1.0172653970777066E-4
48	48	0.34368116637834834	0.15650992542515635	6.846500466469828E-5	8.151613340566474E-5	0.08597240101084563	0.05009217024996827	9.416367906242646E-5	7.754785274875782E-5	6.992447697401887E-5	0.0116637621879707	0.2894297397563303	2.6546678007478E-5	0.05772468274320199	0.0028140773744928993	0.0016939110488225133
49	49	0.3662537998204318	0.19513532345998366	0.041833035718103484	0.13137052912488267	0.039784034261853216	0.04590020945075389	0.003227735920267411	1.450701738070764E-4	0.0011480030595565445	0.03606032836999284	0.006397378109907438	0.014290378373694427	0.10391783406130796	0.014419092210761155	1.1724788469634535E-4
50	50	0.054461824677545165	0.17178255366089817	9.929350677983205E-5	1.1822131298494573E-4	0.4377517946142726	9.805111671194748E-5	1.3656381024421235E-4	9.010496680002851E-4	0.11286884746487755	0.010607066801578876	0.05621751715794999	3.850014712810874E-5	1.2717154520680636E-4	1.3828602669465153E-4	0.1546532584891269
51	51	0.14838122486928018	0.2524952166395136	2.393358237390111E-4	2.8495917048733426E-4	0.049632613389076194	0.0021371329092306187	0.02123788069215879	0.004072670548766004	2.444377587945363E-4	0.2726700653219344	0.0024505775823577053	9.280027189905453E-5	0.0022073244249447726	0.2436346639523028	2.1909664551502786E-4
52	52	0.2787988123401718	0.24210803274085838	0.001053145048718112	1.402268474097576E-4	0.050614274880864854	1.1630220164509115E-4	0.025416952000337858	1.3340047497393607E-4	1.202864826039634E-4	0.11640743124294006	0.007753500212263471	4.566650564330983E-5	1.5084306217144413E-4	0.2770333096998754	1.0781625952266428E-4
53	53	0.31764117116244783	0.18680307669553278	0.009688049565016028	0.05698376815326325	0.003990854592496517	0.011575086060430917	3.273052783954841E-4	0.028619762376245313	2.430517863205727E-4	0.22009363222885894	5.466685462739238E-4	9.227409041603523E-5	3.04794644594809E-4	0.16287265046147792	2.1785435822963006E-4
54	54	0.00925663198759146	0.19762445501009746	1.1582573150683995E-4	1.379049899661886E-4	0.5869869958986117	0.01207283575007292	0.0029189459321076194	1.3119164769502854E-4	0.1574180282009698	4.1466876019040106E-4	2.660669342424733E-4	4.4910365731386455E-5	1.4834542285926532E-4	0.03235716231608533	1.0603105227216562E-4
55	55	0.004166472573546815	0.33256765367346514	4.935925128032439E-4	5.876834934687845E-4	0.5727695586713027	0.027928005458249115	0.008519033140511063	5.590745182624899E-4	0.01618445097906454	0.025287619858123025	0.008974015163939785	1.913859725630886E-4	6.321755026225801E-4	6.874260927568881E-4	4.518523893207589E-4
56	56	0.3073710102310602	0.3265127420888164	0.011585032578946629	0.03438470837602731	0.10423005267101847	2.0214433193077033E-4	0.026293718735945455	0.06363654125338783	2.090693926885493E-4	0.04787993726296583	0.0053475188010260865	7.937274741410062E-5	0.04090620431866955	0.031174552255886844	1.8739495421584237E-4
57	57	0.1652683625650705	0.24001487948605602	0.02187369728483879	0.022986626431645035	0.21966340811813817	0.16424834510627706	1.8821513438466953E-4	1.550032844051655E-4	1.397656183518235E-4	0.014618884021441864	0.07313280251826082	5.306171783423594E-5	0.07734108401045982	1.9058872955662055E-4	1.2527597327938934E-4
58	58	0.20792274805763827	0.25404832447572695	7.767196452817012E-5	0.011196073338860815	0.029678397001354214	7.67001096666347E-5	0.315325556081299	8.797624563725458E-5	7.932770211256914E-5	0.14585854412458882	1.7842271496795994E-4	0.012367444559620529	0.02292353619261106	1.0817371355394816E-4	7.110371783390683E-5
