0	0	2.831008531017341E-4	0.15861827545818877	0.6591744060098391	0.09855447812203316	3.003555104107704E-4	0.0017560441712207346	0.0017729857214009255	0.07954035415380477
1	1	0.11323576584327039	7.516187096480917E-5	0.1023303217169236	1.2241275261029404E-4	0.06581741611437048	0.035896199775386176	1.5201558460966396E-4	0.6823707063418646
2	2	0.10203689053679565	1.0285424977042735E-4	0.1639959016394429	1.6751408221277086E-4	0.015181483165063707	0.2288468068033491	0.005200388562206281	0.48446816096115924
3	3	1.8758972821692645E-4	1.001542152791253E-4	0.6030423001081712	0.2023936103630871	1.9902309706627832E-4	1.9133693772888108E-4	0.04200982835957291	0.15187615719087746
4	4	2.843525344747182E-4	0.17847866123756248	0.7254611814329849	0.03561786967877662	0.0032492346427308366	2.9003263504344396E-4	0.0047283758330564285	0.05189029200537061
5	5	0.018543569776114446	1.5666456478219306E-4	0.4003573478746289	0.004817686433962096	0.004873852484301438	0.03071618839628409	0.19650581394194405	0.34402887652798275
6	6	0.003958865859533616	0.015006287645063784	0.14289214515897897	2.0801508280154061E-4	0.24203049646388616	2.4400309267751143E-4	0.05977258149598842	0.53588760520107
7	7	0.028815736656417883	0.004968776267233143	0.20443561261604598	0.005713607923918549	0.26456588582611557	0.019724530654996585	1.457415480273453E-4	0.4716301085072449
8	8	1.8961766676508436E-4	0.041377687229273784	0.5397846317680973	0.32251430139689047	0.001183947262153799	1.9340538548129845E-4	0.01592911465711998	0.07882729463421825
9	9	0.034994938626356435	0.08515444012781047	0.11677900153890296	0.00342704740984045	0.2754944360221978	0.0015284488570829733	9.961219086921289E-5	0.48252207522693974
10	10	0.003997856282599458	0.1879626129684792	0.07154896921326874	3.0585467973793536E-4	0.03136514176602534	0.2300638856548835	0.0496023437765781	0.4251533356584277
11	11	0.11605056831821141	1.8917538451598094E-4	0.14553248402902638	3.0810142493065893E-4	3.759229784801867E-4	0.03525392221965029	3.826089784861681E-4	0.701907216666699
12	12	2.351427658450155E-4	1.2554279712233008E-4	0.7961283813592867	0.08307779550934483	0.014874179660989754	2.3983987382217954E-4	0.002691362348315215	0.10262775568527403
13	13	0.06600006089765866	0.001621479469067719	0.019624158398748613	0.0498630922183082	0.034703657388862226	0.0030977120167835124	0.0032794573399896293	0.8218103822705815
14	14	1.7280471969521709E-4	0.05383021152340816	0.47042803317821374	0.2652574855861204	1.8333696001543098E-4	1.7625659041067422E-4	0.06556777146196349	0.14438409998017285
15	15	0.0018945018771081737	9.529015765548833E-4	0.5807599653059125	0.3707618878488234	1.7684311577368557E-4	0.003625649428518951	1.7998836929849227E-4	0.041648262478009845
16	16	3.3582538462181106E-4	1.792972791597288E-4	0.6339914656815436	0.12039031465349685	3.562935388637989E-4	0.03863474567802345	0.0682442789530147	0.13786777883127607
17	17	0.07395452438935801	8.63807251876874E-5	0.0865779189795216	0.00181779195247495	0.18800769931833464	1.6502374253694497E-4	1.7470582184630647E-4	0.6492159550707398
18	18	0.0030022128836856878	9.685821079546856E-5	0.6029421801604564	0.30856484363822706	1.9247338751632567E-4	1.850401742538146E-4	0.013359614105134417	0.07165677743993072
19	19	0.3702623526173522	2.7104527051261833E-5	0.07900128688939176	3.0726516259079524E-4	0.006895013463958231	5.1781117650661414E-5	5.4819158602307155E-5	0.5434003770634028
20	20	4.4097964862387123E-4	2.3543917399845713E-4	0.5856674646029797	0.004954570997891421	4.6785682908411446E-4	4.4978846320880905E-4	0.22674670819095966	0.181037192093254
21	21	0.02841022658669049	0.003280562672943078	0.06123105916675255	1.0785413363838417E-4	1.315957794348613E-4	0.2148444153683937	1.3393628382660065E-4	0.6918603500083202
22	22	1.9617263191482534E-4	0.015355933625412483	0.6957054247001095	0.2350390135555665	0.0012248755847882298	2.000912897181265E-4	0.023596999536860824	0.02868148907562944
23	23	0.001131254936642184	0.019063491580387507	0.21359927852189403	1.5909492699054157E-4	0.14243766649023093	0.054239168578932274	0.05140524668617442	0.5179647982787481
24	24	5.632846877554112E-4	0.2659713955530416	0.38316922875435916	4.897982233381037E-4	0.0035170739903017173	5.745366137534841E-4	6.082451515370571E-4	0.3451064370259135
25	25	0.13864545902028017	0.08470488043935856	0.043421115158573755	2.5789807806248454E-4	3.146685013592012E-4	0.17554441491527065	3.2026505629839517E-4	0.5567912988307968
26	26	1.6857718973742724E-4	0.10668403621354713	0.5244485042138727	0.25527328595893894	1.7885176717924938E-4	1.7194461318266078E-4	0.015035299611066526	0.09803950043247525
27	27	2.4782821701670453E-4	1.3231556351864888E-4	0.5333732190812694	0.37142821531471587	0.016961083035422014	0.013097509482378008	0.010543394067262972	0.054216435238416356
28	28	0.002182085599619586	5.360914749787751E-5	0.11930429746511313	8.73108030184478E-5	0.2754080746686878	0.025082518484397978	0.014680151356521474	0.5632019524751436
29	29	2.7078399016967257E-4	1.445716580719842E-4	0.43822293970960124	0.45635701364710074	0.02274250302892923	2.761930514935178E-4	2.923975260021246E-4	0.08169359738863152
30	30	0.11974117836674789	7.604969958787632E-5	0.12716351188107186	0.005291705362681044	8.893872182656921E-4	0.21793310994867832	1.5381122627526242E-4	0.528751246296692
31	31	2.401176021420267E-4	1.281988637961572E-4	0.4956218536225367	2.0879171310340754E-4	0.051279646041999756	0.050025298046343154	0.25911727999464984	0.14337881411542897
32	32	0.001540214750369906	1.3299889753062778E-4	0.5361277859060976	0.3229932699928233	2.6429094790644456E-4	2.540841811191495E-4	0.008015631366282937	0.13067172395787005
33	33	0.19759762594294566	0.0021841615260437502	0.11671188910777168	8.930936881802374E-5	0.018740564759014856	0.09965071601946991	0.01714550889106656	0.5478802243848694
34	34	0.0027851218961161086	5.524801759296292E-5	0.26883283326150753	6.263083313136273E-4	0.1374098508576399	1.0554709527070835E-4	0.20338019353391978	0.3868048970066394
35	35	0.04438591087139869	1.9714021632891734E-4	0.05214388386893664	3.210733876264263E-4	0.07502870498238491	0.09415125645846317	0.008053790187354694	0.7257182400275066
36	36	0.0045475181962145155	5.456322195203367E-4	0.028813190343955564	8.299175602351921E-5	0.01543618496764679	0.27761001503301863	0.004060461346440035	0.6689040061371805
37	37	0.006749584069602785	1.1227057732312318E-4	0.5310420920911408	0.04922760219402977	0.0024028670881115623	2.1448431703240795E-4	0.19858584370557214	0.21166525595718738
38	38	1.1266466287502453E-4	6.0151699174524037E-5	0.3300654130845303	0.022871298569216037	0.06902345965517107	0.03164722133526531	0.36040745152008097	0.1858123394736867
39	39	0.13239367544478128	0.05284671544677238	0.20428662169082182	0.0020144426899311625	0.03828526365208006	0.08025083599223809	1.3248835103446676E-4	0.48978995673234066
40	40	0.01903339448586273	1.9235462844162306E-4	0.1517128965545091	3.1327931626255013E-4	0.18711336637453765	0.05638681646001569	0.0022563502860512108	0.5829915418943196
41	41	0.0031847805799221996	4.0042905813164283E-5	0.1139915893307712	4.539385594893466E-4	0.4976443502072582	0.022233680429911366	0.0136862740565596	0.348765343930275
42	42	9.846575605425376E-4	0.14040354064024385	0.535064796856993	0.08185337776535556	0.0034705730143511763	0.009241869028984882	0.10995056856470732	0.11903061656882154
43	43	3.0893910778433006E-4	0.11545175666540795	0.6793062716578709	0.014679486470329002	3.2776857571342326E-4	3.1511033887628794E-4	0.0403637418651355	0.14924692531888256
44	44	0.0014791049203552885	0.09435863769877023	0.6933990736565675	0.016326461187460665	2.538048939992955E-4	2.4400309267751143E-4	0.07837078853982588	0.11556812601034365
45	45	0.17130819957803609	0.013664751226469655	0.26860163003557724	2.0647902692436088E-4	0.012559178310483391	0.11346887921143793	0.0051793104786149935	0.4150115721324564
46	46	0.11508683090695827	4.5388948337306375E-5	0.0741328635178256	7.392293502988387E-5	0.041067854328995984	0.08600760986402665	5.32419559613175E-4	0.6830531099392131
47	47	1.7066477874001792E-4	9.111797939557833E-5	0.5141367676355046	0.0010329411282837236	1.8106659222668828E-4	0.01344219461523621	0.2920829426331405	0.17886230463747257
48	48	1.05057695891166E-4	6.005956537465236E-4	0.2778320465074306	9.135180471625305E-5	0.1427718537994251	0.003918693498567011	0.2418738038234204	0.3328065972168029
49	49	0.036911634742806634	1.0505707952357919E-4	0.14507134226652385	1.7110173177702163E-4	0.2612922283516099	0.008359561684864967	0.10015849189063276	0.4479305822522613
50	50	0.00252300866899374	0.016675244557362207	0.535148952130824	0.293290525202179	1.6175136276749174E-4	1.5550461670837447E-4	0.04283451936465154	0.10921049409651354
51	51	0.11879551835932504	1.9676365632697367E-4	0.1131678848830928	3.204601013182336E-4	3.9100213768477465E-4	0.3250950358946652	0.0042181814352857	0.4378151535323013
52	52	0.1258220792971642	9.658576200630338E-5	0.138999183650256	1.5730487863573864E-4	1.9193198642141924E-4	0.19896010731189925	0.003945828389407317	0.5318269787242097
53	53	0.09912636528363332	0.0020948718862312627	0.021360081849701958	3.1863421964977E-4	3.887743295033756E-4	0.2320797380795839	3.9568889796070655E-4	0.6442358454537358
54	54	0.013086728753843422	9.498272221566044E-5	0.6576555115615204	0.24818855120202324	1.8874647952123454E-4	0.0020255750941539376	1.9210344101454338E-4	0.0785678007457075
55	55	7.640360861645026E-4	4.079191082693583E-4	0.7256451730713872	0.10362268532356696	8.106031688633608E-4	0.004739233743069421	0.06814392556337352	0.0958664239353057
56	56	0.049292235733870336	1.681740627598628E-4	0.17508827728031806	2.7389751846025536E-4	0.10481897755049567	0.07052200036529319	0.0052378580326444425	0.5945985794561582
57	57	0.025277601553558095	1.1227057732312318E-4	0.3937167860335897	0.035059118235711	0.0579869195399775	2.1448431703240795E-4	0.22038351133375486	0.2672493084090533
58	58	0.28679921006576986	6.364515432380445E-5	0.11136449841296135	1.0365599513524085E-4	0.09712811216773136	0.010007106495050646	1.2872291785598686E-4	0.4944050487911717
