0	0	0.6001542175480958	2.311374968039525E-4	2.8252842186036266E-4	0.0017050382974339903	0.19879440924900918	0.1988326689867967
1	1	0.009918453967934001	0.06143759883230003	0.1651277415232719	1.1738471921388944E-4	0.007548297040694454	0.7558505239165858
2	2	0.06153695438471721	1.57232785240572E-4	0.13408478125092485	0.2149883271454048	0.028316957732833624	0.560915746700879
3	3	0.5814215146778715	1.531023356826964E-4	1.8714298580578908E-4	1.564443489889136E-4	0.16962375793761877	0.24845803771403233
4	4	0.7385433533143866	2.32160527528577E-4	2.837789124131265E-4	2.3722827237204516E-4	0.06689218926412767	0.19381128970917197
5	5	0.22774941520973074	2.3958341827439182E-4	2.928522027145948E-4	0.04287560735434416	0.291320080603453	0.437522461211483
6	6	0.04292159986045838	0.18014018371987764	0.052360672666639574	0.013850537576987131	0.05750750392579825	0.653219502250239
7	7	0.08159724211186117	0.22407395209998698	0.048426818830748855	1.1253751337638937E-4	0.05342914032333916	0.5923603091206875
8	8	0.7509683884384026	1.5475863193075936E-4	0.0011726429766451812	1.5813679990486838E-4	0.1114667851920216	0.13607928796109484
9	9	0.03758668307847624	0.3559195383677842	0.06944336723223715	7.690533671861257E-5	0.005423599574797684	0.531549906409986
10	10	0.04670722304706744	0.027669400606484096	0.02408231590098666	0.4110257096173059	6.200668625091148E-4	0.4898952839656468
11	11	0.032339552407166544	2.893679273381994E-4	0.10333232285771446	0.05178499298012207	0.05763064801532651	0.7546231158123321
12	12	0.7716328514364061	1.9194741961619464E-4	2.346248544446681E-4	1.9613736765056606E-4	0.011392594259635977	0.2163518446622463
13	13	0.104874012555472	0.0025056269347330995	0.01898573146099112	0.0025603213227641812	0.005408630957507752	0.8656656767685318
14	14	0.5714151773997143	1.410276101015598E-4	1.723835754547762E-4	1.4410604876418235E-4	0.21898116967008752	0.20914613569587776
15	15	0.8891635125894785	0.0018649332556768493	1.6627386499045533E-4	1.3899856545677509E-4	0.014989316052864405	0.09367696567153304
16	16	0.5743901156418592	2.7423895501232194E-4	0.00556349539236835	2.8022521402429253E-4	0.19055289659397076	0.22893902820276504
17	17	0.0038482225930343197	0.14529034838752836	0.0840679307153037	0.02446781311467705	0.01790538207166465	0.7244203031177919
18	18	0.7739787414500783	0.005793513446790022	0.003003706552683853	0.0020331100361829267	0.06618322116397174	0.14900770735029323
19	19	0.011207509708659582	4.141239747508361E-5	0.4145458782200822	4.2316373125010475E-5	8.939254759097329E-5	0.5740734907530671
20	20	0.2073852129155137	0.0026496177945679565	0.00730844732681903	3.681159184839918E-4	0.3281569308008039	0.4541316752438115
21	21	0.00552245174890075	0.0013875455667802566	0.03356847931931992	0.19048133012098836	8.616362827268612E-4	0.7681785569612839
22	22	0.8095080664853417	1.6011250009392752E-4	0.0012132105095904989	1.6360753564266403E-4	0.10209549036811143	0.08685951260121973
23	23	0.03471839374798964	0.21366187684148577	1.8252568896859924E-4	0.06373187770831168	0.09047207598320585	0.5972332500300386
24	24	0.2738025568633137	0.003386048630819438	0.08248146091095343	0.16138220159538144	0.03317612796819241	0.4457716040313397
25	25	0.05630377891022393	2.4216433272974977E-4	0.15572791805521724	0.23416478200271437	0.0036005940714138335	0.5499607626277009
26	26	0.6623403161481267	1.3757528850819734E-4	1.681636674562291E-4	0.05259720002111258	0.13580990844650814	0.14894683642828818
27	27	0.8480129113934871	0.007916355606470608	2.472941985349071E-4	2.0672845274937325E-4	0.044149622321035094	0.09946708802772276
28	28	0.010196947953257209	0.30151847734159803	0.019883539123160113	0.036006202686910245	1.7683965467778587E-4	0.6322179932403966
29	29	0.7973933050956572	0.0030308404166047823	0.007294647124068364	2.2589680823916736E-4	0.027170011012453133	0.16488529954297723
30	30	0.031456825641607594	1.1623479262017601E-4	0.17742055925470446	0.1943864407040642	0.018717412139872935	0.5779025274671307
31	31	0.2984375428344389	0.06496912688184452	0.02016978240402018	0.005182838032040372	0.3305168686450708	0.2807238412025852
32	32	0.7192875775573611	0.004080317762623522	2.4857253139038863E-4	2.077970899227402E-4	0.09607064005479002	0.18010509500391214
33	33	0.013093136231594112	0.02511305959774684	0.20885711125261192	0.0986050567209239	0.0023110389194918803	0.6520205972776314
34	34	0.06738178506611203	0.1648014776292741	6.397384690657504E-4	8.627194831586692E-5	0.24377032633765203	0.5233204005495803
35	35	0.012622254232167618	0.044379571965274936	0.13068619509639087	0.0616340693256478	6.50963125469475E-4	0.7500269462550493
36	36	2.901423025097963E-4	0.018387429832233373	9.518297923348954E-5	0.2890737102941571	1.6808869164788417E-4	0.6919854459002184
37	37	0.3213193812402141	1.7163889569133387E-4	2.0980094965144887E-4	1.753855365946686E-4	0.3624987689047261	0.31562502447312235
38	38	0.18085402485604848	0.1350374225440785	0.016469394501453263	9.393249229386407E-5	0.4056191002757344	0.2619261253303915
39	39	0.07989956946718715	0.05354195213356698	0.147723640969508	0.0974427904848687	0.043478545442959225	0.57791350150191
40	40	0.034753633608079815	0.1910189527916927	0.050845612171884734	0.06761526576321555	0.0025049896289520168	0.6532615460361751
41	41	0.01889193497768448	0.5432600342164304	0.015628085920549043	0.0066726724757887055	0.002076238200067238	0.41347103420948
42	42	0.3201070460897422	0.0026076586930755398	1.5885829488024268E-4	9.586981545160997E-4	0.3909306312984543	0.28523710746933173
43	43	0.5139230237984581	0.0034584021510166707	0.008323705585609945	0.0018608363704950362	0.20573776601842247	0.26669626607599767
44	44	0.3866784115150157	1.952823122574082E-4	2.387012244323338E-4	0.0014405443764615971	0.3243223577370973	0.2871247028347357
45	45	0.1583961190888689	1.9383898794397928E-4	0.15421532951657105	0.115989821404374	0.04722785097965803	0.5239770400225839
46	46	0.001580710819486422	0.034448731770537144	0.22399147126175395	0.052521455197402894	0.0010312375338688159	0.6864263934169507
47	47	0.1642644330698709	1.392800594980182E-4	1.7024747585619608E-4	0.001027431026106643	0.5322521645006287	0.30214644386803957
48	48	0.053702037965360085	0.18855917932214192	6.494958802915618E-4	6.323087744856472E-4	0.2698219177159727	0.48663506034174814
49	49	0.01692823303099194	0.2553141391982049	0.09409281244004067	1.6410847613839056E-4	0.10751116140237581	0.5259895454522483
50	50	0.6400892654016093	1.244138552645321E-4	1.5207593173541175E-4	0.008033504158753247	0.17974326059536816	0.17185748005726936
51	51	0.0011214952641083293	0.004126529805647208	0.10939576079564899	0.3235655650120847	0.008300794988739892	0.5534898541337708
52	52	0.029636193080288746	1.4764364111622533E-4	0.07711782249566708	0.27318463965570416	3.1870265958225847E-4	0.6195949984676417
53	53	0.003016952314627579	2.9927397670576663E-4	0.09355674936427857	0.20760809081194725	0.0025478667908370666	0.6929710667416037
54	54	0.775590148408434	1.4519154653188848E-4	0.013094959383172235	1.4836087819685714E-4	0.08981313446223807	0.12120820532142698
55	55	0.5543490577105507	6.249306428183377E-4	0.004735248173550369	6.385720187937522E-4	0.15623243868235612	0.28341975277193066
56	56	0.06633895605642304	0.13428744944686646	3.1439241426479937E-4	0.13265854872031282	0.00872777815406871	0.6576728752080641
57	57	0.1958833840200657	0.08743146304883802	2.0980094965144887E-4	1.753855365946686E-4	0.3494097952817541	0.366890171163096
58	58	0.015815481016005693	0.10394185237037556	0.30732579149114797	0.0013356353633632932	8.280826843122082E-4	0.5707531570747953
