0	0	3.35806697359309E-4	2.8539566130323366E-4	1.1274799027057665E-4	3.0401204681055976E-4	3.9817367553293583E-4	0.35534208351124325	0.15570796499241413	2.211359199366895E-4	0.041086941797334714	0.010526092736477942	0.3503982593725259	0.08528138559879074
1	1	0.04315302607178947	1.4213086461434816E-4	5.615001036634751E-5	0.0679086640182732	0.08835559362562068	0.31175107157625864	0.0010445191364489685	1.1012865211183514E-4	0.3672624572422872	0.1167137597574487	0.0032884430785959343	2.1405596618464162E-4
2	2	0.02215097870635204	0.15165721266159038	7.679614047618712E-5	0.03109751572751356	0.19458206410000664	0.25598499735269276	0.0323190282959484	1.506225089337197E-4	0.27112327189928115	0.03905655670958829	0.0015081924245270244	2.927634730898272E-4
3	3	2.2273570846800472E-4	0.002130016459721977	7.478410552482219E-5	2.016467782258218E-4	2.6410281989773234E-4	0.27062616444294935	0.2313661987849204	1.4667624613251955E-4	0.10294036089168543	0.006011445706743303	0.3139242214816135	0.07209164657411715
4	4	3.372870075706919E-4	2.866537485154119E-4	1.1324500835456039E-4	3.0535219916849664E-4	3.999289131813517E-4	0.34368384634629484	0.34888668705012205	0.0031609248871571466	0.003063478161173265	0.010572494081913584	0.2872889810916945	0.0019011215048540739
5	5	0.03370427394111182	0.0018119738966522383	1.1685073560597463E-4	0.03367132232666583	0.029220331137037116	0.48501936341879526	0.07495095972196723	0.13365417354114886	0.08958402486939944	2.957713310577175E-4	0.06597493021795481	0.051996024862603615
6	6	0.11159472900673806	0.026213802698806445	9.531733301849706E-5	0.03365026352001212	0.004046977917609566	0.20764773990290544	0.014140992113542004	0.06078951573761919	0.47132080728314985	2.4126621294723907E-4	0.04392268926864613	0.026335899005005416
7	7	0.1538402860296617	1.3627305951767566E-4	5.383583449895466E-5	1.4516216385324705E-4	0.01066830111388471	0.2800417908639373	0.035230184571365564	0.018267764790080042	0.28855842874306614	0.165691479251717	0.03668308186664799	0.010683411711769617
8	8	2.2513882841922064E-4	0.003133825578157208	0.08736929520457	2.0382236739913343E-4	2.6695225414441844E-4	0.26668018280522676	0.15441535489686628	0.001129086889800916	0.017738119611144357	1.9133502729237092E-4	0.4202981387326158	0.04834874780436354
9	9	0.2365505204453984	9.3182179626577E-5	3.681241485575937E-5	0.03592363606411276	0.03404374663415399	0.2148950847539868	0.01740283740055576	0.06264544398094035	0.296666354362237	0.08320573058761972	0.005977197425291318	0.012559453751221581
10	10	0.04037721645134619	0.21468678522978332	1.3998543485330527E-4	0.042154117555726234	0.14943724868554054	0.32493684139065365	0.018951440366743122	2.745575139719504E-4	0.15999524564199294	3.543296341314475E-4	0.008198291172952066	0.04049394092230516
11	11	4.19981618446491E-4	0.0808624198693616	1.4100994352640877E-4	0.0076988976733635694	0.11576719976353797	0.15166661818717259	0.002623108766711759	0.009424917544470996	0.5033145133555774	0.05524702665016079	0.010087961973092084	0.06274634465457825
12	12	0.017299371734986965	2.3716739488031227E-4	9.369500225881843E-5	2.526378460872385E-4	0.00519383367119829	0.35851205633571437	0.004174415366355719	1.8376673915207736E-4	0.03292803037464315	0.0014528963676382746	0.5793149435832473	3.571855838374652E-4
13	13	0.018758248210122685	0.18605205886554135	0.0011757817746130366	0.003170360935435176	0.0041523165929502675	0.1814415131669492	0.006615921326362068	0.002306095068744655	0.5200092130425547	0.018232446003380972	0.05360371095596998	0.004482334057375843
14	14	0.0028872641583852264	1.7440599680561777E-4	0.17082620184325337	1.8578251618400144E-4	2.4332492114970865E-4	0.23771282651730152	0.0906834373613354	1.3513670940185603E-4	0.05997500616645649	0.006432521390797357	0.33124551000327757	0.09949858241565189
15	15	0.0010603623183084898	0.0018930513204346647	0.08803188062074634	1.7921349764199167E-4	0.0028219394067267806	0.25690461576758483	0.20907624555579332	1.303584581002762E-4	0.004385196452767978	0.0010306398815080487	0.43164590215568727	0.0028405945646999943
16	16	3.981283139706482E-4	0.005541757068161526	1.3367263852386466E-4	3.6043296508153654E-4	4.7206984063752827E-4	0.3293625757400116	0.059723968127132265	0.014137897274743235	0.07299468791887972	3.3835075164198673E-4	0.3859419838418351	0.13059447551938091
17	17	0.08223165084565992	0.008534686862686845	6.451695208658017E-5	0.06881925401838196	2.2784398981167358E-4	0.2259375012770844	3.630257658671084E-4	0.02440353229432239	0.47137954788671993	0.11736258269336658	4.299048589894509E-4	2.4595255502317886E-4
18	18	2.1541951061882446E-4	0.001121566365892969	0.1464760597424303	0.01333381975608099	0.006824826070804166	0.28144510391095523	0.17308830034928763	0.001080343834756666	0.01978781549771229	0.002998531416741084	0.3317673192102847	0.02186089433443516
19	19	0.010579630885172187	0.03450189959140986	2.026760331602609E-5	0.3755924526129452	0.022950979771804814	0.1993119227406338	0.011422253474506391	3.975144118707141E-5	0.3203339670675347	0.025034558365619693	1.350519648531676E-4	7.726448101707125E-5
20	20	5.222188611632606E-4	0.007269038557232886	1.7533636922835693E-4	4.727744446843187E-4	0.03247020913971177	0.47752131885814475	0.16706681380494381	0.15277368905980104	0.0661700925166327	0.002718881133735037	0.0921712071479829	6.684201067392324E-4
21	21	0.005925690753358647	0.029658875708830867	4.948070630236343E-5	0.029025010354027107	0.31798224717658063	0.26765996834978484	2.784194032748996E-4	9.704795164003702E-5	0.34739560096639743	1.252450340926885E-4	0.0016137824569815125	1.8863113872902857E-4
22	22	2.329058077885505E-4	0.008315265027026154	7.819874337529002E-5	2.1085395823449682E-4	0.01448147673544769	0.23427900203025837	0.2632383382791927	1.533734748857925E-4	0.004144745300617497	1.9793582209993215E-4	0.40029922327036627	0.07436868155070722
23	23	0.16869065529214267	0.0030240797840834647	7.294378278823054E-5	0.0011431643382769168	0.08070838491884388	0.30750453730035515	0.018393557901823097	0.07207553001745602	0.3105256667415961	1.846345221172647E-4	0.008057894779180395	0.029618950621336803
24	24	0.012275667324304074	0.052808766220855834	0.023442600610700724	0.03252914458122968	7.89937440300289E-4	0.525017143648679	0.03608699355696334	4.3871193222262325E-4	0.13665738879516948	0.12536787205360544	0.05373305381508633	8.527200208832173E-4
25	25	0.003416674768989329	0.24855708301388135	1.181042171812629E-4	0.07540887632274056	0.09542945985824246	0.2036526956469634	6.645520674446343E-4	0.004829014008604441	0.36025754642892854	2.9894413020234163E-4	0.006916810754063243	4.502387827584024E-4
26	26	2.0020078313811072E-4	1.7014679977031877E-4	0.1448498189709706	0.0019256141783960837	0.00895922607925331	0.2563287647809529	0.16260451168167064	0.003620573888112468	0.021878604419388256	1.701413415652927E-4	0.344088534112735	0.055203862964046974
27	27	2.940753653157557E-4	0.019467231161218245	0.04237680133094156	2.662318959962447E-4	0.0016298453585653877	0.20228500660334303	0.10561015886581848	0.0065994223276091115	0.010357920454282004	2.4992098628110485E-4	0.5976754456939986	0.013187939956630488
28	28	0.2527776232135826	0.009459131984199223	4.006583772671844E-5	0.025061938307462475	0.03653260596809908	0.2604006961475014	7.453165894426657E-4	0.02555236068718586	0.35563725728306933	0.007899509645581034	0.011704182942881326	0.014189311393268306
29	29	0.022713059390864473	2.730140120024504E-4	0.201634248960691	2.908227413753162E-4	3.808992475029508E-4	0.24616011582145206	0.02579768906489149	2.1154212514682048E-4	0.028108508898430862	2.7300525388031986E-4	0.4737459221583163	4.1117232544598403E-4
30	30	1.6920873005759417E-4	0.1328336824323199	5.6812280398973386E-5	0.03406282257845516	0.20218411132592426	0.2144363297558377	0.005479834719338615	1.1142758163208435E-4	0.31630674343696163	0.07386039995991092	0.01807054859686569	0.002428078602297407
31	31	0.06359599688674726	0.008931924200282788	0.0013370654118505054	2.5796943502904695E-4	0.005303442688991257	0.3809746982166293	0.2202649103025654	0.1628101409932481	0.04727825717952988	2.421647315832818E-4	0.09125920303857106	0.01774422691497207
32	32	2.9559015071335584E-4	2.512163908610089E-4	9.92451779514333E-5	0.011857377672959742	3.504879970721306E-4	0.30634719587683257	0.15251325559437107	1.9465246052636722E-4	0.04389284474304601	2.512083319932013E-4	0.4681155489999908	0.015831376603682223
33	33	0.005439662856045831	0.09741586862397876	4.09819708422604E-5	0.1240106496166724	0.08469461466601132	0.2780536646013735	0.009802283615633433	8.037913404286072E-5	0.3371811351096144	0.04104927507731442	0.0066542043373554625	0.015577280391115375
34	34	0.17370556848898328	1.0451452712475267E-4	4.128935539379209E-5	1.1133201944115825E-4	0.009253543521311873	0.33853581429114543	0.008268559240246142	0.08151479106625427	0.21648794522093429	1.045111743627964E-4	0.04474227488617433	0.12712985620862788
35	35	0.004250412637772343	0.1128499935268212	1.4692403907965205E-4	0.04805637107044348	0.057711116314367754	0.20378146407644884	8.267162363715263E-4	2.8816640070232626E-4	0.5358624682119951	0.004184709132547565	0.014323877585875309	0.017717780767574805
36	36	0.03174107248017919	9.640560554145102E-5	0.006956631715615403	0.027282695740519655	0.3895497970885678	0.2509914393771089	2.1430254949977048E-4	7.469890106637311E-5	0.27085357841394037	0.021346221936543612	7.47964680088903E-4	1.4519151132855E-4
37	37	2.49622506205307E-4	2.1214937282327927E-4	0.0022587963348284514	0.00240097281170026	2.9598311044154305E-4	0.3022064062961372	0.22558253116788915	0.1034761652694467	0.1360288197235784	2.1214256720145983E-4	0.1484574466482195	0.07861896419152871
38	38	0.04271073134889755	0.0327754760339699	0.0012114389293404343	1.2120195641645369E-4	1.5874182939268244E-4	0.23673481600583907	0.02124972925336798	0.2975428924135596	0.06945558619605575	0.004779732987797039	0.1321127932183551	0.16114685982700847
39	39	0.005861712499338498	0.0890383813269512	4.89464750492197E-5	0.07507418697970657	0.06177789200732562	0.30160610896635354	0.03457100027735566	0.0020013105317122277	0.2883908533222824	0.09475430850262452	0.01683884190418958	0.030036457207110935
40	40	0.14181010259643412	0.00222321417311928	0.0020036746426098538	0.022710228727795226	0.06189634501351035	0.27512567953172384	0.011968545815089686	2.8119739902247404E-4	0.38338041181585897	0.08221626623520667	0.015837773460880566	5.46560588748868E-4
41	41	0.5030903444771198	0.007067295338359471	2.9934787744424875E-5	0.020278446797409293	0.018361357347874644	0.2283481192165986	9.452736998780416E-4	0.0020008014977298864	0.1969608311751942	4.641885194661407E-4	0.005248901438625767	0.017204505703999756
42	42	1.891476827546631E-4	1.6075298208237143E-4	0.035496838974148265	1.7123891404164542E-4	2.2427673019391052E-4	0.37484582205499767	0.12313795803192026	0.047094323666675576	0.06104820303122807	1.607478252252578E-4	0.14792471942480798	0.2095459706819243
43	43	3.6635667006220096E-4	0.014675813625327215	1.2300522472170056E-4	3.3166950511751947E-4	0.025971204816942945	0.30786676261051704	0.3502271796662313	0.0034333546504394193	0.07195767903814364	3.1134950802253093E-4	0.1731930875213219	0.05154253716315256
44	44	0.003994252773563391	0.0014780610360076699	0.02854142024523709	0.0014937993583737192	0.005283765000749505	0.5069502140227706	0.07598034627053894	0.011318032412021641	0.013709586521372505	0.003951627462367055	0.21336251965881775	0.13393637523818008
45	45	0.010103215034148563	0.08249384459464437	0.002549968887801326	0.07391572914931366	0.08995454601392683	0.3116984017105146	0.05700551789424404	1.8557158850026451E-4	0.2161752784867032	0.09968131258824482	0.04605450572809658	0.010182108323861707
46	46	0.020351569886583404	0.01197205514025759	3.39277679709778E-5	0.06920738755672856	0.1484768875902303	0.2046591842394666	0.001071363092076806	6.654352032045629E-5	0.4147327801463474	0.12290968368564366	0.006389277395518817	1.2933997885543764E-4
47	47	0.011681231874827317	1.722500732086687E-4	6.804886062231474E-5	0.0037153494400347944	0.024080395534915307	0.3274857504528367	0.02775484116497119	1.3346621397194127E-4	0.07865887292978348	0.001055210417167998	0.08256926539684074	0.4426253176408195
48	48	0.13283837274599117	1.0610622284130737E-4	4.191816836293233E-5	0.012622908938658426	0.008850561742949698	0.2381733886288032	0.022536089666108247	0.043594846271760745	0.2507876807927706	0.0011939185926744859	0.028562529327695995	0.26069167890138323
49	49	0.1508626037996223	0.05006895435955444	7.843750683789604E-5	0.0032647880308203253	2.770049410400468E-4	0.20649694793565598	0.02384991309659448	0.13755190410968893	0.35426801852465895	0.02258933552209015	5.226636446089004E-4	0.05016942852882757
50	50	1.8108961624247925E-4	1.539045861475832E-4	0.1294446039016832	0.004108571924109786	0.01362645773009351	0.2720948276197743	0.09422426797646645	1.192514002658935E-4	0.03241288283453208	1.5389964898281265E-4	0.3727780411995053	0.08070220156219653
51	51	0.00233954422243589	0.2553438256040881	1.466444748373098E-4	0.02132599896550611	0.17747649584844613	0.2737966026507314	0.02746407454076349	2.8761808320448536E-4	0.23230069032510356	3.7118492485274E-4	0.006685499139545866	0.002461821220484858
52	52	2.1481470917408281E-4	0.20700555289690084	7.212460898009196E-5	0.0011303263656832388	0.07699446117233592	0.28533418526684207	0.0013416833549465587	0.003884862559611552	0.3472799755677578	0.05259019550021999	0.018261759719062312	0.00589005827848552
53	53	4.342843668284102E-4	0.15361952970226492	0.003929773604862766	0.0401247612056879	0.16511726508700453	0.1946713387062583	0.008388382662773268	2.859855795846919E-4	0.4296401424991923	0.002261058838464069	9.716104193763452E-4	5.558673277024261E-4
54	54	0.004812991447992364	1.79542446416144E-4	0.01663717725969181	0.0020319481818614656	2.504911093505864E-4	0.24011199690823432	0.08783208245057444	1.3911663504138886E-4	0.01848502359171563	1.7953668680453362E-4	0.6253883053319548	0.003951787950362499
55	55	9.017583504053748E-4	7.663870994040517E-4	3.02767760492666E-4	8.163786011150331E-4	0.0010692354847206612	0.41600584167857657	0.16670287477202772	0.04773647088713469	0.027833172654625333	0.004694916151905719	0.27701622953988875	0.056153967019703384
56	56	0.07685265685177817	3.174392856543555E-4	1.2540709738550798E-4	0.011728657058374142	0.07692202626303499	0.3561859637900255	0.00396007588056618	2.459645957358711E-4	0.38090656899936204	0.07191492793942643	0.01873501741670343	0.0021052948219533367
57	57	0.10899886828488757	2.1214937282327927E-4	8.381141925480634E-5	0.0013134803539134373	0.0013834755682283657	0.3130813308740054	0.1168332853892069	0.15893828061657467	0.15777866887931485	0.0023871274827751052	0.10822022571010706	0.030769296048908518
58	58	0.051358929854168026	0.003205758608039765	4.7557105658577006E-5	0.04826014016002757	0.023616827861104448	0.260956934967566	0.0021188228598594404	9.327513762416246E-5	0.24688264926899392	0.3555560033815954	0.007721802837726113	1.812979576365834E-4
